11100011
10100000
00000000
00010100
11100011
10100000
00011010
00000001
11100011
10100000
00100001
00000011
11100000
10010010
00110000
00000010
11100000
10100000
01000000
00000000
11100000
01000100
01010001
00000100
11100000
11000000
01100000
10100000
11100001
10000101
01110001
01000010
11100000
00000111
10000000
00000011
11100001
11100000
10010000
00000110
11100000
00100100
10100000
00000101
11100001
01011000
00000000
00000110
00010000
10000001
00010000
00000001
11100001
00011001
00000000
00001000
00000000
10000010
00100000
00000010
11100011
10100000
00001011
00000001
11100100
10000000
00010000
00000000
11100100
10010000
10110000
00000000
